mode:0

default_dir_path: data/20231213/

jsonfile_path: data/20230711-bbox/20240711-bbox.json

corresp_img_file_name: 
handmade_img.dat

corresp_ply_file_name: 
handmade_ply.dat

img_file_path: 
img/20231213/PIC_20231213_point1-120-hi.jpg

ply_file_path: 
out-1.ply
mode select
transform_rotate::
Point: corresp_plypoint
-1.956995 -0.612534 -1.188222
-1.817206 -0.187469 -1.189546
-1.699034   0.28036  -1.18439
-1.589905  0.690981 -1.185221
 1.608324  2.576858 -1.127253
 1.210586  2.668722 -1.127833
 0.787274  2.787737 -1.131734
 0.339024  2.921171 -1.128859
 0.785906 -2.995697  1.835252
  1.60776 -2.985936  1.843609


img_size:height width
3840 7680
Point: corresp_imgpoint
 0.290977881926846 -0.821696190198051 -0.490048205020052
 0.132300979357901 -0.835315508813938 -0.533614515915611
-0.0718972510064823  -0.826984077119071  -0.557609291071472
-0.278587045334477 -0.776595028416023 -0.565057005983752
-0.810807227007669  0.477006479662862  -0.33919973318353
-0.865515340924892  0.356850137915996 -0.351484243875885
-0.906539971725286   0.22550069450494 -0.356839903096763
 -0.93176674214144 0.0879240693929445 -0.352250047921233
 0.81437784638943 0.223218300483768 0.535688634973015
0.729337882192806 0.429880795660468 0.532229983297479

get_date
invalid argument:format
invalid argument:ascii
invalid argument:element
invalid argument:vertex
invalid argument:property
invalid argument:float
invalid argument:x
invalid argument:property
invalid argument:float
invalid argument:y
invalid argument:property
invalid argument:float
invalid argument:z
create xi:
Point: corresp_imgpoint
 0.290977881926846 -0.821696190198051 -0.490048205020052
 0.132300979357901 -0.835315508813938 -0.533614515915611
-0.0718972510064823  -0.826984077119071  -0.557609291071472
-0.278587045334477 -0.776595028416023 -0.565057005983752
-0.810807227007669  0.477006479662862  -0.33919973318353
-0.865515340924892  0.356850137915996 -0.351484243875885
-0.906539971725286   0.22550069450494 -0.356839903096763
 -0.93176674214144 0.0879240693929445 -0.352250047921233
 0.81437784638943 0.223218300483768 0.535688634973015
0.729337882192806 0.429880795660468 0.532229983297479

vector_xi.transpose() :
                     0                     -0 -5.52039257775507e-310                     -0                      0   5.4281751031314e-274 -5.55774390511378e-314  2.23869568634824e-274      0.582286058265337
 -0.240418133495054 -0.0248023322992463  -0.157378100791274    1.51794035450974    0.15659576312184   0.993646222247584   0.969687500008945   0.100036179684184   0.634759012949352
  0.122155873966548 -0.0201571132921774  0.0851543851195676    1.40507406448392  -0.231853255861103   0.979471671099057   0.947397144246327  -0.156331340844798   0.660426868252141
 0.442926936312512 -0.192498355172262  0.330187216458374   1.23471231865378 -0.536612409329932  0.920436736174267  0.898386959098598 -0.390443655051659  0.669717429689069
 -1.30404072256988  -2.08933508937253  0.913984879066076  0.767180969397293   1.22917796317108   -0.5377069852194 -0.545543071672667 -0.874069546051844  0.382363916830333
  -1.0477807545089  -2.30981983166376  0.976156763501344  0.431997781059174  0.952333813759454 -0.402467361596212 -0.425501904856733  -0.93801373428494  0.396415529223271
-0.713695349700053  -2.52719502115753   1.02596210836055  0.177530833765682  0.628636629597119 -0.255206802994854 -0.280930777870601  -0.99477580093926  0.403847850891312
 -0.31589128798776  -2.72184998590805   1.05183327276704 0.0298083697018736  0.256841241712657  -0.09925387705085 -0.119421220246448  -1.02898262473612  0.397640636846316
 0.640024435744532  -2.43962927129528   1.49458857134189  0.175428601659996 -0.668694393104322  0.409661832399436  0.421000912357102  -1.60476083672276  0.983123638711495
 1.17260027347431 -2.17775623860326   1.3446138836516 0.691145148031074 -1.28359654347124   0.7925321038068 0.855698077946355 -1.58920466740734 0.981223987277082

----calc_matrix_M
Matrix_M:
  6.46104496072096   3.61139684299151 -0.551405840776225 -0.312892731986027  -5.36730130920702   2.81634352121658   2.94882832345383 0.0509952386854831  0.676699774657417
  3.61139684299151   35.2282610889655  -16.2559625604672  -5.36730130920702  -2.52484151577827 0.0212533371789134 0.0509952386854828   16.7593474018055  -8.51075441207896
-0.551405840776225  -16.2559625604672   9.13002609510302   2.81634352121658 0.0212533371789132  0.658311828288358  0.676699774657417  -8.51075441207896   4.53522874407425
-0.312892731986027  -5.36730130920702   2.81634352121658   8.11894182478444 -0.281423126505854   4.00597239201541   3.92182779667783  -3.21285083907826   4.11716096297767
 -5.36730130920702  -2.52484151577827 0.0212533371789132 -0.281423126505854    6.3399729143992  -3.08678640935598  -3.21285083907826  0.517093371491209  -1.12648793448579
  2.81634352121658 0.0212533371789134  0.658311828288358   4.00597239201541  -3.08678640935598   5.11592193076934   4.11716096297767  -1.12648793448579   2.56675141601449
  2.94882832345383 0.0509952386854828  0.676699774657417   3.92182779667783  -3.21285083907826   4.11716096297767    5.1262679375716  -1.15904396063265   2.55818567381182
0.0509952386854831   16.7593474018055  -8.51075441207896  -3.21285083907826  0.517093371491209  -1.12648793448579  -1.15904396063265   9.97997326432026  -4.95523676731881
 0.676699774657417  -8.51075441207896   4.53522874407425   4.11716096297767  -1.12648793448579   2.56675141601449   2.55818567381182  -4.95523676731881   5.18055234375482

Essential_Matrix:: Matrix M Eigenvalue :
 1.0000212469514
1.00121369358253
1.00363650335632
1.03786670454509
1.28781713119297
1.37134902411448
8.77956958656415
19.6886553093377
55.5108331607446

Essential_Matrix:: Matrix M EigenVector: 
    0.167193300415596     0.709629078754807    0.0587586943991869    -0.194196428299633    0.0765776005468814   0.00256617227724929      0.48319032105768    -0.429402282035013    0.0598181713490008
  -0.0160499060868215   -0.0494617069091877    0.0173441039472646     0.311574294747452     0.281210244079385    -0.408590275761968   -0.0935428227109422    -0.174870175064571     0.783939747904682
   -0.316710274766708     0.138610663282242    -0.593254366806594     0.460099132679717     0.328180325043956    -0.208222414629377     0.142623957976049   -0.0187971131944744    -0.380901438302204
    0.027983886337201    0.0999031515793181   -0.0795139331664098     -0.40536986350768     0.483471109189734   -0.0097544726873138    -0.666209675595718    -0.337849660247918    -0.163621155895608
    0.138063762355799      0.63503159189685     0.200586627622398     0.356307862404551    -0.112942760567255   -0.0328446291114519    -0.440800023752143     0.448666460022502   -0.0322784248353995
     0.58928742360936    -0.123166698064051    -0.258378028300254     0.430481897022676    -0.249601610059358     0.301224878423495    -0.174456562982655    -0.448081032397156   -0.0353175962372492
   -0.652893099334599    0.0538878549761766     0.375494258336937     0.287566552409496     -0.20177162283484      0.27739113304556    -0.151260089352837    -0.453200965430584   -0.0347545917353782
   -0.279481001977669     0.208410757616317    -0.624413741073403    -0.284105941720298    -0.404411618521225       0.2310720105095    -0.166105513606693    0.0762742484087456     0.396856127109774
-7.10509092202458e-05  -0.00352865994709386  -0.00952521986839609    -0.116243723677579    -0.542487285258419    -0.753286377047392    -0.135607961123812    -0.239272434018575    -0.221383317097766

Essential_Matrix:: min_eigen
1.0000212469514

Essential_Matrix:: min_eigenvector
    0.167193300415596
  -0.0160499060868215
   -0.316710274766708
    0.027983886337201
    0.138063762355799
     0.58928742360936
   -0.652893099334599
   -0.279481001977669
-7.10509092202458e-05

Essential Matrix:
    0.167193300415596   -0.0160499060868215    -0.316710274766708
    0.027983886337201     0.138063762355799      0.58928742360936
   -0.652893099334599    -0.279481001977669 -7.10509092202458e-05


Translation:: E * E.t Eigenvalue :
0.000234445359384527
   0.467241180981825
    0.53252437365879

Translation:: E * E.t Eigenvec :
   0.854994510879021      0.4776692174914   -0.202030950668199
   0.464874639191105   -0.878539764558908   -0.109815535903253
   0.229947724936958 2.73848907951778e-05    0.973202981420826

Translation:: E * E.t min_eigen
0.000234445359384527

Translation:: E * E.t min_eigenvector
0.854994510879021
0.464874639191105
0.229947724936958

Translation:: diff scale
0.854994510879021
0.464874639191105
0.229947724936958

-----check sign translation t
img_vec:
 0.132300979357901
-0.835315508813938
-0.533614515915611
ply_vec:
-1.817206
-0.187469
-1.189546
img_point y<0, exclusion 
print_check: 0
img_vec:
 0.132300979357901
-0.835315508813938
-0.533614515915611
ply_vec:
-1.817206
-0.187469
-1.189546
img_point y<0, exclusion 
img_vec:
-0.0718972510064823
 -0.826984077119071
 -0.557609291071472
ply_vec:
-1.699034
  0.28036
 -1.18439
img_point y<0, exclusion 
print_check: 0
img_vec:
-0.0718972510064823
 -0.826984077119071
 -0.557609291071472
ply_vec:
-1.699034
  0.28036
 -1.18439
img_point y<0, exclusion 
img_vec:
-0.278587045334477
-0.776595028416023
-0.565057005983752
ply_vec:
-1.589905
 0.690981
-1.185221
img_point y<0, exclusion 
print_check: 0
img_vec:
-0.278587045334477
-0.776595028416023
-0.565057005983752
ply_vec:
-1.589905
 0.690981
-1.185221
img_point y<0, exclusion 
img_vec:
-0.810807227007669
 0.477006479662862
 -0.33919973318353
ply_vec:
 1.608324
 2.576858
-1.127253
print_check: 1
img_vec:
-0.810807227007669
 0.477006479662862
 -0.33919973318353
ply_vec:
 1.608324
 2.576858
-1.127253
check_sign_NUM :-1.57274301851233
img_vec:
-0.865515340924892
 0.356850137915996
-0.351484243875885
ply_vec:
 1.210586
 2.668722
-1.127833
print_check: 1
img_vec:
-0.865515340924892
 0.356850137915996
-0.351484243875885
ply_vec:
 1.210586
 2.668722
-1.127833
check_sign_NUM :-1.24023563963163
img_vec:
-0.906539971725286
  0.22550069450494
-0.356839903096763
ply_vec:
 0.787274
 2.787737
-1.131734
print_check: 1
img_vec:
-0.906539971725286
  0.22550069450494
-0.356839903096763
ply_vec:
 0.787274
 2.787737
-1.131734
check_sign_NUM :-0.916315002868416
img_vec:
 -0.93176674214144
0.0879240693929445
-0.352250047921233
ply_vec:
 0.339024
 2.921171
-1.128859
print_check: 1
img_vec:
 -0.93176674214144
0.0879240693929445
-0.352250047921233
ply_vec:
 0.339024
 2.921171
-1.128859
check_sign_NUM :-0.616997437453694
img_vec:
 0.81437784638943
0.223218300483768
0.535688634973015
ply_vec:
 0.785906
-2.995697
 1.835252
img_point y<0, exclusion 
print_check: 0
img_vec:
 0.81437784638943
0.223218300483768
0.535688634973015
ply_vec:
 0.785906
-2.995697
 1.835252
img_point y<0, exclusion 
img_vec:
0.729337882192806
0.429880795660468
0.532229983297479
ply_vec:
  1.60776
-2.985936
 1.843609
img_point y<0, exclusion 
print_check: 0
img_vec:
0.729337882192806
0.429880795660468
0.532229983297479
ply_vec:
  1.60776
-2.985936
 1.843609
img_point y<0, exclusion 
translation:: check_sign_sam: 
-4.34629109846606

translation:: change_sign before
0.854994510879021
0.464874639191105
0.229947724936958
translation:: change_sign after
-0.854994510879021
-0.464874639191105
-0.229947724936958

translation_t_cross: 
                 0  0.229947724936958 -0.464874639191105
-0.229947724936958                  0  0.854994510879021
 0.464874639191105 -0.854994510879021                  0

Matrix_R calc from matrix_E: 
-0.0983211084468067  -0.994894608862494 -0.0227525139300001
  0.995115758705447 -0.0980891892914046 -0.0110967436771882
0.00880831481462834 -0.0237324293003993   0.999679541347939

calc scale: 
vector_t: 
-0.854994510879021
-0.464874639191105
-0.229947724936958
matrix_R:
    0.167193300415596   -0.0160499060868215    -0.316710274766708
    0.027983886337201     0.138063762355799      0.58928742360936
   -0.652893099334599    -0.279481001977669 -7.10509092202458e-05
scale_s
0.0522312525204122

----RESULT
Essential Matrix:
    0.167193300415596   -0.0160499060868215    -0.316710274766708
    0.027983886337201     0.138063762355799      0.58928742360936
   -0.652893099334599    -0.279481001977669 -7.10509092202458e-05

Rotation Matrix:
-0.0983211084468067  -0.994894608862494 -0.0227525139300001
  0.995115758705447 -0.0980891892914046 -0.0110967436771882
0.00880831481462834 -0.0237324293003993   0.999679541347939

scale
0.0522312525204122

translation Vector: 
-0.0446574342012885
-0.0242809846699261
-0.0120104576876765

