
img_point :img.dat
ply_point :ply.dat
plyfile :s10.ply

imgpath :kyoiku.JPG
outdir :../../ply_data/check_1124_3/
理論値
 0.500000000000000 -0.866025403784439  0.000000000000000
 0.866025403784439  0.500000000000000  0.000000000000000
 0.000000000000000  0.000000000000000  1.000000000000000
img対応点1
-0.577350269189626
-0.577350269189626
-0.577350269189626
ply対応点1
-12.660254037844386
  1.928203230275508
 -9.000000000000000
vector_xi:
 7.309401076758502
-1.113248654051870
 5.196152422706632
 7.309401076758504
-1.113248654051871
 5.196152422706633
 7.309401076758502
-1.113248654051870
 5.196152422706632
Matrix_M:
2374.087950888871092 -798.202029519760003 -234.725901295105672 1773.824909799660190 -505.678346254247913 -165.605343612464139   -0.000000000000025    0.000000000000007  796.760970079992035
-798.202029519760003  345.736804040857635   87.206480584840108 -505.678346254247970  187.380984992505034   51.889483289597976    0.000000000000007   -0.000000000000004 -292.104813969193174
-234.725901295105672   87.206480584840108  839.299090407388690 -165.605343612464111   51.889483289597976  559.930369164143599  796.760970079992035 -292.104813969193174 -162.837668626261234
1773.824909799660190 -505.678346254247970 -165.605343612464111 1438.224175529101785 -355.715339745559845 -128.333826062502339   -0.000000000000023    0.000000000000007  566.807946198617742
-505.678346254247913  187.380984992505034   51.889483289597976 -355.715339745559845  113.622760145267819   34.423980150362951    0.000000000000014    0.000000000000002 -175.244621366043276
-165.605343612464139   51.889483289597976  559.930369164143599 -128.333826062502339   34.423980150362951  415.995139084469258  566.807946198617742 -175.244621366043276 -108.792566769721915
  -0.000000000000025    0.000000000000007  796.760970079992035   -0.000000000000023    0.000000000000014  566.807946198617742  810.574468506883477 -268.608219567255958  -79.676097007999232
   0.000000000000007   -0.000000000000004 -292.104813969193174    0.000000000000007    0.000000000000002 -175.244621366043276 -268.608219567255958  115.753840889017440   29.210481396919313
 796.760970079992035 -292.104813969193174 -162.837668626261234  566.807946198617742 -175.244621366043276 -108.792566769721915  -79.676097007999232   29.210481396919313  551.705770508142223
Essential_Matrix:: Matrix M Eigenvalue :
   0.999999999999988
   1.000000000000081
   1.000000000000474
   2.544973223089228
  51.657765651977293
 159.430792674746755
 284.350597839540285
2074.103533061337203
4429.912337549308177
Essential_Matrix:: Matrix M EigenVector: 
 0.176691569282269  0.470369745995852  0.207654740470081 -0.293984162697421  0.017896248151490 -0.262633749396601  0.094645199872965 -0.114616438682908  0.725667836096105
 0.042114898320167  0.257679704482503  0.185465026061692 -0.567261892118392 -0.051397820484293  0.677480925848322  0.235993057035935  0.034021581704548 -0.239106343006222
 0.414985702544383  0.096221623010714 -0.454320430783953 -0.016078285999915  0.471710181953959  0.078931650150947 -0.015468267496133 -0.607624411566010 -0.116941467647949
-0.138413943020039 -0.310826202017493 -0.192260798986640  0.335306999116204 -0.043711491783192  0.517735246544917  0.394388197955744 -0.091183060198897  0.548649954753373
 0.239739981786739  0.538366774218234  0.333005472148889  0.690783961250879 -0.015814203675007  0.196106547551452  0.042983448351323  0.023334691110657 -0.153332580609476
-0.473854720389957  0.388700782173045 -0.350504848844226  0.026022846089235 -0.558889129085039 -0.031295343241885 -0.056524912717726 -0.421323160004051 -0.082449016299248
 0.151004161470635 -0.396763266214435  0.587496372488693 -0.013293284877712 -0.293538486089877 -0.021793277146907 -0.045674797371405 -0.619387968260939 -0.045612746081756
 0.686162560958438 -0.090187428685713 -0.316563868724385 -0.032575402866973 -0.611394747227674 -0.002585030390787  0.006053579428078  0.213715119269018  0.015884282940922
 0.000000000000000 -0.000000000000000 -0.000000000000001 -0.000651890730119  0.006424225850531  0.397296252269018 -0.878864477412190  0.028469414608975  0.262489457061634
Essential_Matrix:: min_eigen
0.999999999999988
Essential_Matrix:: min_eigenvector
 0.176691569282269
 0.042114898320167
 0.414985702544383
-0.138413943020039
 0.239739981786739
-0.473854720389957
 0.151004161470635
 0.686162560958438
 0.000000000000000
Essential Matrix::
 0.176691569282269  0.042114898320167  0.414985702544382
-0.138413943020039  0.239739981786739 -0.473854720389957
 0.151004161470635  0.686162560958438  0.000000000000000

Translation:: E * E.t Eigenvalue :
-0.000000000000000
 0.419562299033116
 0.580437700966884
Translation:: E * E.t Eigen vec
 0.725109717880582  0.659852830949112 -0.197002889632581
 0.635026206869479 -0.530055795076086  0.561945344935982
-0.266378703398199  0.532574028276541  0.803372448358290
Translation:: E * E.t min_eigen
-0.000000000000000
Translation:: E * E.t min_eigenvector
 0.725109717880582
 0.635026206869479
-0.266378703398199
Translation::
 0.725109717880581
 0.635026206869479
-0.266378703398199
translation:: check_sign: 
104.677670202488130

translation_t_cross
 0.000000000000000 -0.266378703398199 -0.635026206869479
 0.266378703398199  0.000000000000000  0.725109717880581
 0.635026206869479 -0.725109717880581  0.000000000000000
Matrix_R calc from matrix_E
 0.569076769860760 -0.812872641580901 -0.124055223888932
 0.817647299439492  0.575390259431113 -0.019466460158511
 0.087203920348516 -0.090355508526518  0.992084350423271

scale_s
0.931575032010862
scale_s * translation_vector_diff_scale: 
-0.675494108645990
-0.591574558992171
 0.248151749145189
Rotation matrix Eigenvalue :
 (0.568275689857572,0.822838222445276)
(0.568275689857572,-0.822838222445276)
 (1.000000000000000,0.000000000000000)
Eigen vec
(-0.085422839469224,-0.701266832591415)  (-0.085422839469224,0.701266832591415)  (-0.043075933053609,0.000000000000000)
 (-0.695626633179095,0.088678482964125) (-0.695626633179095,-0.088678482964125)  (-0.128372223405979,0.000000000000000)
(-0.093843090896087,-0.018998846448814)  (-0.093843090896087,0.018998846448814)   (0.990790107060707,0.000000000000000)
Rotation_axis
-0.043075933053609
-0.128372223405979
 0.990790107060707
Rotation_degree: 55.369928316213034
