r(0,0,1) - d60 - t(2.0,0,1.0)
img_point :img.dat
ply_point :ply.dat
plyfile :s10.ply

imgpath :kyoiku.JPG
outdir :../../ply_data/check_1124_3/
理論値
 0.500000000000000 -0.866025403784439  0.000000000000000
 0.866025403784439  0.500000000000000  0.000000000000000
 0.000000000000000  0.000000000000000  1.000000000000000
img対応点1
-0.577350269189626
-0.577350269189626
-0.577350269189626
ply対応点1
  5.660254037844385
-13.660254037844386
 -9.000000000000000
vector_xi:
-3.267949192431121
 7.886751345948128
 5.196152422706632
-3.267949192431122
 7.886751345948129
 5.196152422706633
-3.267949192431121
 7.886751345948128
 5.196152422706632
Matrix_M:
 269.351949285428191 -840.312541324266931   65.950670362529152  237.759329686329863 -696.715165444365994   53.832596403726043   -0.000000000000004   -0.000000000000020 -226.829129888077631
-840.312541324266931 3485.819399929050633 -288.642873030807721 -696.715165444365880 2449.738080817827722 -197.019758653799158    0.000000000000016   -0.000000000000007  977.089205541177535
  65.950670362529152 -288.642873030807721  839.299090407388690   53.832596403726036 -197.019758653799158  559.930369164143599 -226.829129888077631  977.089205541177535 -162.837668626261234
 237.759329686329863 -696.715165444365880   53.832596403726036  217.171705991694608 -603.915335322495253   46.102241014270142    0.000000000000007   -0.000000000000008 -186.033962504591045
-696.715165444365994 2449.738080817827722 -197.019758653799158 -603.915335322495253 1895.000011103102679 -148.699384080227645   -0.000000000000016    0.000000000000011  672.709517723401973
  53.832596403726043 -197.019758653799158  559.930369164143599   46.102241014270142 -148.699384080227645  415.995139084469258 -186.033962504591074  672.709517723401973 -108.792566769721915
  -0.000000000000004    0.000000000000016 -226.829129888077631    0.000000000000007   -0.000000000000016 -186.033962504591074   94.061398529234310 -289.456770053690832   22.682912988807765
  -0.000000000000020   -0.000000000000007  977.089205541177535   -0.000000000000008    0.000000000000011  672.709517723401973 -289.456770053690832 1183.538832623914914  -97.708920554117725
-226.829129888077631  977.089205541177535 -162.837668626261234 -186.033962504591045  672.709517723401973 -108.792566769721915   22.682912988807765  -97.708920554117725  551.705770508142223
Essential_Matrix:: Matrix M Eigenvalue :
   0.999999999999512
   0.999999999999922
   1.000000000000122
   2.382223618168176
  49.250830462068734
 180.754515574097809
 292.298916428486848
2436.928122828961023
5987.328688550639527
Essential_Matrix:: Matrix M EigenVector:
 0.093377381281383  0.142799124731410  0.616921567469966 -0.612072319124360  0.024753492336563 -0.344683981190186  0.239870009623937 -0.023879676951568  0.195286168565083
 0.042334283355121 -0.069655824378775 -0.216888697161200 -0.088494139320810  0.037145575929423 -0.587360661477900  0.131012328252488  0.082382127608720 -0.753764266442862
 0.646757792209821 -0.174839760141261 -0.027546512942936  0.015870341627836  0.465386997589172  0.072541127486390  0.004854117710831  0.566186100685550  0.087676693599866
 0.046121698926207  0.122852111620728  0.344916750077000  0.772713657530097  0.031205346914308 -0.408648846930516  0.266470288361474 -0.020798902725152  0.165286187667237
 0.079885125871477  0.212786099144146  0.597413335514787  0.135290611847526 -0.029902302820460  0.377149801360152 -0.348332700550231  0.064425935169568 -0.551825794789874
 0.233190154160204  0.626382190722175 -0.218639480136847 -0.024816339542638 -0.586554767688131 -0.022960780746086  0.051548259944427  0.392164414089856  0.061844857782497
-0.134922554099737  0.699869744126868 -0.195082319552517 -0.034954548951250  0.650062778039211  0.007178559543734 -0.019198866357114 -0.172156482551547 -0.007727592996610
-0.700073027108115 -0.040554425936381  0.099386471150348 -0.007513464686843  0.113474136252068 -0.007393997298454  0.043079152048002  0.694651966269141  0.031476246224271
-0.000000000000000  0.000000000000000  0.000000000000001  0.000571125479845  0.007071167022160  0.470179687090846  0.853258968956195 -0.038997610032576 -0.222056417532445
Essential_Matrix:: min_eigen
0.999999999999512
Essential_Matrix:: min_eigenvector
 0.093377381281383
 0.042334283355121
 0.646757792209821
 0.046121698926207
 0.079885125871477
 0.233190154160204
-0.134922554099737
-0.700073027108115
-0.000000000000000
Essential Matrix::
 0.093377381281383  0.042334283355121  0.646757792209821
 0.046121698926207  0.079885125871477  0.233190154160204
-0.134922554099737 -0.700073027108115 -0.000000000000000

Translation:: E * E.t Eigenvalue :
-0.000000000000000
 0.437764249625183
 0.562235750374817
Translation:: E * E.t Eigen vec
-0.337907994793504 -0.745790520514164  0.574120794402925
 0.937194923472374 -0.210556030947199  0.278086017716412
 0.086509320146701 -0.632030582601012 -0.770099656008741
Translation:: E * E.t min_eigen
-0.000000000000000
Translation:: E * E.t min_eigenvector
-0.337907994793504
 0.937194923472374
 0.086509320146701
Translation::
-0.337907994793504
 0.937194923472374
 0.086509320146701
translation:: check_sign:
389.297009073613026

translation_t_cross
 0.000000000000000  0.086509320146701 -0.937194923472374
-0.086509320146701  0.000000000000000 -0.337907994793504
 0.937194923472374  0.337907994793504  0.000000000000000
Matrix_R calc from matrix_E
 0.503622988699441  0.861026654793638 -0.070689355551743
-0.862330460363662  0.505975459828955  0.019365205391980
 0.052441037198353  0.051204821899458  0.997310384901214

scale_s
-2.031348853860756
scale_s * translation_vector_diff_scale:
-0.686409017934170
 1.903769833639726
 0.175730608328275
Rotation matrix Eigenvalue :
 (0.503454416714805,0.864021788087753)
(0.503454416714805,-0.864021788087753)
 (1.000000000000000,0.000000000000000)
Eigen vec
  (0.004234928938383,0.706974059392731)  (0.004234928938383,-0.706974059392731)  (-0.018425239355332,0.000000000000000)
 (-0.705290621730779,0.005153362590019) (-0.705290621730779,-0.005153362590019)   (0.071254217455909,0.000000000000000)
  (0.050469835302862,0.012693391972975)  (0.050469835302862,-0.012693391972975)   (0.997287996041988,0.000000000000000)
Rotation_axis
-0.018425239355332
 0.071254217455909
 0.997287996041988
Rotation_degree: 59.771193252605350
