r(0,0,1)-d30-t(0,0,5.0)


img_point :img.dat
ply_point :ply.dat
plyfile :s10.ply

imgpath :kyoiku.JPG
outdir :../../ply_data/check_1124_2/
理論値
 0.866025403784439 -0.500000000000000  0.000000000000000
 0.500000000000000  0.866025403784439  0.000000000000000
 0.000000000000000  0.000000000000000  1.000000000000000
img対応点1
-0.577350269189626
-0.577350269189626
-0.577350269189626
ply対応点1
 -2.660254037844388
-13.660254037844386
 -5.000000000000000
vector_xi:
1.535898384862246
7.886751345948128
2.886751345948129
1.535898384862247
7.886751345948129
2.886751345948129
1.535898384862246
7.886751345948128
2.886751345948129
Matrix_M:
  508.081463564471278  1096.869091922542793  -507.959710943386426   276.258357656453825   694.884203036289705  -314.627821650388285    21.744599925795335    21.979004202982438   368.031689432977316
 1096.869091922542793  2889.866436086384056 -1277.683118327584452   694.884203036289705  2125.446319406367365  -904.564369734319484    21.979004202982452    22.215935331219999   894.679928921477654
 -507.959710943386426 -1277.683118327584452  1430.211926994149053  -314.627821650388341  -904.564369734319484   945.602197129116803   368.031689432977316   894.679928921477654  -801.933441170521860
  276.258357656453825   694.884203036289705  -314.627821650388341   171.188145310203424   493.565032248962211  -214.465290556978374     4.348919985159063     4.395800840596494   218.330294957384382
  694.884203036289705  2125.446319406367365  -904.564369734319484   493.565032248962211  1707.527834359960707  -699.745971794400475     4.395800840596496     4.443187066244032   624.504254489149616
 -314.627821650388285  -904.564369734319484   945.602197129116803  -214.465290556978374  -699.745971794400475   698.422198185410821   218.330294957384410   624.504254489149616  -541.511853456452627
   21.744599925795335    21.979004202982452   368.031689432977316     4.348919985159063     4.395800840596496   218.330294957384410   184.628775987571089   384.084928666824226  -159.529616636178446
   21.979004202982438    22.215935331219999   894.679928921477654     4.395800840596494     4.443187066244032   624.504254489149616   384.084928666824226  1000.284481285414358  -422.589777668206239
  368.031689432977316   894.679928921477654  -801.933441170521860   218.330294957384382   624.504254489149616  -541.511853456452627  -159.529616636178446  -422.589777668206239   759.365874820439785
Essential_Matrix:: Matrix M Eigenvalue :
   0.999999999999896
   1.000000000000038
   1.000000000000147
   3.245382384207002
  62.826603464024664
 204.170542671415575
 309.922441926674935
2200.487248534348964
6565.924917613335310
Essential_Matrix:: Matrix M EigenVector:
 0.138914511431853  0.299678955316410  0.350512376875726 -0.485602584840020  0.174559512861296 -0.528726668402790  0.388416816223859 -0.123932758983642  0.236593787370402
-0.501406265903461 -0.355514758798323  0.016779979043709  0.266527300238624  0.028856551384024 -0.182542141951354  0.016105738780234 -0.341388343743268  0.632394586558681
-0.288582176481170  0.103608626705657  0.553782749099093  0.090692369149996  0.377953559736469  0.325605962414414  0.004026734721868 -0.440665149859160 -0.384727196722000
 0.579030317630914  0.149150178905239  0.269469871960598  0.722959945437990 -0.000298094185620 -0.121948926889632  0.054940893378229 -0.079095588264589  0.151811650794068
 0.334303309753050  0.086111895940517  0.155578503114890 -0.358267406926617 -0.129833495734815  0.460284569712207 -0.458902424863426 -0.262093951214017  0.469321357312782
 0.214031536276049 -0.600831032414615  0.246971437445396 -0.142399830076720 -0.552932183500116 -0.070175220759982  0.211969078343958 -0.288245577390381 -0.270638144445972
 0.390777596642339 -0.427134118751833 -0.389867747521697 -0.102128718683263  0.653267876389602  0.020146715011718  0.091308450031202 -0.255404290151224 -0.041094840307639
-0.021526779553369  0.447173918162665 -0.510268300762505  0.055287964353182 -0.275448261920854  0.010758386337203  0.193636843413691 -0.640654739349797 -0.110545813404954
 0.000000000000003  0.000000000000002  0.000000000000000  0.011698659771768 -0.025017878637254  0.590700950799929  0.737891238463574  0.200509812718773  0.256167853241329
Essential_Matrix:: min_eigen
0.999999999999896
Essential_Matrix:: min_eigenvector
 0.138914511431853
-0.501406265903461
-0.288582176481170
 0.579030317630914
 0.334303309753050
 0.214031536276049
 0.390777596642339
-0.021526779553369
 0.000000000000003
Essential Matrix::
 0.138914511431853 -0.501406265903461 -0.288582176481170
 0.579030317630914  0.334303309753050  0.214031536276049
 0.390777596642339 -0.021526779553369  0.000000000000003

Translation:: E * E.t Eigenvalue :
-0.000000000000000
 0.357707899568112
 0.642292100431887
Translation:: E * E.t Eigen vec
-0.345937101120789 -0.861966720688865 -0.370595324434926
-0.466432579534772 -0.184726695127451  0.865053002339064
 0.814105749160809 -0.472111661084719  0.338145543592022
Translation:: E * E.t min_eigen
-0.000000000000000
Translation:: E * E.t min_eigenvector
-0.345937101120789
-0.466432579534772
 0.814105749160809
Translation::
-0.345937101120789
-0.466432579534772
 0.814105749160809
translation:: check_sign:
245.506274232966547

translation_t_cross
 0.000000000000000  0.814105749160809  0.466432579534772
-0.814105749160809  0.000000000000000 -0.345937101120789
-0.466432579534772  0.345937101120789  0.000000000000000
Matrix_R calc from matrix_E
 0.889878989814959  0.441716531665365 -0.114025826633392
-0.447730028253246  0.893573663949697 -0.032617922923794
 0.087482599905667  0.080078790881457  0.992942184603268

scale_s
4.619569484492590
scale_s * translation_vector_diff_scale:
 1.598080475891426
 2.154717710991998
-3.760818075973255
Rotation matrix Eigenvalue :
 (0.888197419183962,0.459462016444178)
(0.888197419183962,-0.459462016444178)
 (1.000000000000000,0.000000000000000)
Eigen vec
  (0.529401932861178,0.460666176290092)  (0.529401932861178,-0.460666176290092)  (-0.122639858978357,0.000000000000000)
 (-0.438242816255410,0.532822447496455) (-0.438242816255410,-0.532822447496455)   (0.219287361443447,0.000000000000000)
 (0.166363540126364,-0.062345115816348)   (0.166363540126364,0.062345115816348)   (0.967921752054855,0.000000000000000)
Rotation_axis
-0.122639858978357
 0.219287361443447
 0.967921752054855
Rotation_degree: 27.352397854804416
