
img_point :img.dat
ply_point :ply.dat
plyfile :s10.ply

imgpath :kyoiku.JPG
outdir :../../ply_data/check_1124_2/
理論値
 0.866025403784439 -0.500000000000000  0.000000000000000
 0.500000000000000  0.866025403784439  0.000000000000000
 0.000000000000000  0.000000000000000  1.000000000000000
img対応点1
-0.577350269189626
-0.577350269189626
-0.577350269189626
ply対応点1
-13.660254037844386
 -3.660254037844388
 -5.000000000000000
vector_xi:
7.886751345948128
2.113248654051872
2.886751345948129
7.886751345948129
2.113248654051872
2.886751345948129
7.886751345948128
2.113248654051872
2.886751345948129
Matrix_M:
 3531.564747024978715   247.551687722626497 -1419.537271924027891  2458.887150237013884   299.580626628763468  -980.363374622993774    45.745347095925915   -15.475107540026000  1000.766298771188190
  247.551687722626497   107.227302000577964   -96.655558445036036   299.580626628763525    87.346094345749279  -111.089564741933088   -15.475107540025990     5.235045060936874    55.981781868603093
-1419.537271924027891   -96.655558445036036  1430.211926994149053  -980.363374622993547  -111.089564741933088   945.602197129116803  1000.766298771188190    55.981781868603079  -801.933441170521860
 2458.887150237013884   299.580626628763525  -980.363374622993547  1896.829824986939684   305.897562860439507  -742.549836671937442     9.149069419185127    -3.095021508005195   677.444936369404331
  299.580626628763468    87.346094345749279  -111.089564741933088   305.897562860439507    79.961620907469907  -113.357899321033585    -3.095021508005199     1.047009012187376    75.639459856226551
 -980.363374622993774  -111.089564741933088   945.602197129116803  -742.549836671937442  -113.357899321033585   698.422198185410821   677.444936369404331    75.639459856226566  -541.511853456452627
   45.745347095925915   -15.475107540025990  1000.766298771188190     9.149069419185127    -3.095021508005199   677.444936369404331  1229.284179719841177    78.563821405429621  -464.867509540577998
  -15.475107540026000     5.235045060936874    55.981781868603079    -3.095021508005195     1.047009012187376    75.639459856226566    78.563821405429621    41.132325360192340   -40.005410024121858
 1000.766298771188190    55.981781868603093  -801.933441170521860   677.444936369404331    75.639459856226551  -541.511853456452627  -464.867509540577998   -40.005410024121858   759.365874820439785
Essential_Matrix:: Matrix M Eigenvalue :
   0.999999999999370
   0.999999999999789
   0.999999999999955
   3.471626920985283
  66.852078602654160
 215.634607319917507
 320.551983096694926
2301.710606370478217
6862.779097689272021
Essential_Matrix:: Matrix M EigenVector: 
-0.454804343231217  0.020731017572717  0.091703373974056 -0.003325256801440  0.078653436981593 -0.373837762917786  0.222774943045933 -0.348971914458388  0.683338539594495
-0.278028272961386  0.222168541393091  0.546056791878430 -0.515859743549861 -0.129831645893148  0.368448308827931 -0.389693788777316 -0.031880333469178  0.059700137774315
-0.509715957018035 -0.186261365664536 -0.387221888929859 -0.085110739838128  0.347943436313552  0.306158135897848 -0.020024553501861 -0.440436225359643 -0.373000304447118
 0.349630882625639  0.109156236775888 -0.512739685821915 -0.035702953316976 -0.109370995097717  0.318683258602961 -0.424280231041417 -0.255871729679952  0.492606724690800
-0.201859484200968 -0.063021382686293  0.296030395633467  0.834981213083936 -0.043214550247984  0.287642167486922 -0.282680418300406 -0.038992564236963  0.066477663876091
-0.128925501137366  0.657623749854151 -0.146620101208415  0.135389298058876 -0.560021231583558 -0.046777979592160  0.208085015797780 -0.288780926999877 -0.261869711649598
 0.505889718060599 -0.167504800518004  0.408654043318862 -0.007676042205895  0.060643957626608  0.054832852007849  0.198088207389806 -0.700305380637511 -0.112293325298085
-0.143205219328422 -0.662649556337942 -0.066634212112998 -0.098123930336370 -0.723880154313364 -0.009365832199478 -0.004627707809964 -0.045813672965080 -0.010435601659542
 0.000000000000001 -0.000000000000000  0.000000000000001 -0.012166066740229 -0.027555154698421  0.664212910808586  0.675001801677018  0.200764722881284  0.248957834108481
Essential_Matrix:: min_eigen
0.999999999999370
Essential_Matrix:: min_eigenvector
-0.454804343231217
-0.278028272961386
-0.509715957018035
 0.349630882625639
-0.201859484200968
-0.128925501137366
 0.505889718060599
-0.143205219328422
 0.000000000000001
Essential Matrix::
-0.454804343231217 -0.278028272961386 -0.509715957018035
 0.349630882625639 -0.201859484200968 -0.128925501137366
 0.505889718060599 -0.143205219328422  0.000000000000001

Translation:: E * E.t Eigenvalue :
-0.000000000000000
 0.320524824349866
 0.679475175650134
Translation:: E * E.t Eigen vec
 0.183130917905799 -0.560407200249327  0.807717052448251
-0.724020851239274 -0.632673866504954 -0.274804631715749
 0.665023964889790 -0.534478763423190 -0.521608644073199
Translation:: E * E.t min_eigen
-0.000000000000000
Translation:: E * E.t min_eigenvector
 0.183130917905799
-0.724020851239274
 0.665023964889790
Translation::
 0.183130917905799
-0.724020851239274
 0.665023964889790
translation:: check_sign: 
370.981366996026679

translation_t_cross
 0.000000000000000  0.665023964889790  0.724020851239274
-0.665023964889790  0.000000000000000  0.183130917905799
-0.724020851239274 -0.183130917905799  0.000000000000000
Matrix_R calc from matrix_E
 0.792620347967492 -0.589273450227625 -0.156556011844711
 0.599741762185735  0.799767976514823  0.026096023293506
 0.109830791120891 -0.114577417487985  0.987324269287220

scale_s
2.874884004883028
scale_s * translation_vector_diff_scale: 
-0.526480146686927
 2.081475964429583
-1.911866759525549
Rotation matrix Eigenvalue :
 (0.789856296884767,0.613291961688298)
(0.789856296884767,-0.613291961688298)
 (1.000000000000000,0.000000000000000)
Eigen vec
(-0.385226984984061,-0.587387092458255)  (-0.385226984984061,0.587387092458255)  (-0.114687171501676,0.000000000000000)
 (-0.567262412123615,0.393230538622146) (-0.567262412123615,-0.393230538622146)  (-0.217177804052966,0.000000000000000)
 (-0.172665937091795,0.018605029115108) (-0.172665937091795,-0.018605029115108)   (0.969371267430429,0.000000000000000)
Rotation_axis
-0.114687171501676
-0.217177804052966
 0.969371267430429
Rotation_degree: 37.827915756500154
