mode:0

default_dir_path: ../../ply_data/capture_seg_kyoiku/

corresp_img_file_name: 
corresp-img.dat

corresp_ply_file_name: 
corresp-kyoiku.ply

img_file_path: 
../../img/kyoiku.JPG

ply_file_path: 
kyoiku.ply
mode select
transform_rotate::
invalid argument
invalid argument
invalid argument
invalid argument
invalid argument
invalid argument
invalid argument
invalid argument
invalid argument
invalid argument
invalid argument
invalid argument
invalid argument
Point: corresp_plypoint
-0.552215 -4.854267  1.629004
-1.327132 -4.827996  1.611453
-0.602901 -4.910229  0.169299
-1.279942 -4.820534  0.155869
-1.878536 -0.170299  0.453542
-1.817887  0.276877   0.43672
-1.969146 -0.162931 -0.795499
-1.853753  0.275392 -0.753762
 1.533577  2.415598 -0.796195
 1.092521  2.459616 -0.807953
 1.004931   2.47237 -0.813388
 0.647307  2.490396 -0.784235
6.615941 3.389921  1.76277
7.395858 3.406408 1.803685
6.632226 3.386581 0.217114
7.372256 3.351964 0.155499


img_size:height width
2752 5504
Point: corresp_imgpoint
 0.934362597322023 -0.165975610413239  0.315307204918625
 0.907306737750739 -0.291141841618711  0.303365969896061
 0.985978527075775 -0.163556638283101  0.033099399073328
  0.95279997446694 -0.302144867104373 0.0296763868804612
 0.185576372323098 -0.967543717220725  0.171524241150053
0.0370822965635228 -0.983888144689701  0.174897175565051
 0.181583144231221 -0.952601130626204 -0.244087377102508
0.0309828719503803 -0.968978760533896 -0.245194256213111
-0.965037650361578  0.055142658306186 -0.256245235310886
-0.957551418409865 -0.123099733651969 -0.260656357444183
-0.955143396415562 -0.140567975042945 -0.260656357444183
-0.924580312595538 -0.283929763098095 -0.254037664899906
-0.612927316651594  0.739938230794817  0.277148911436636
-0.57013193810847 0.779841272828912 0.258451469992458
-0.640174466461028  0.767466125022001 0.0342403188514962
-0.588080113978148  0.808258060031058 0.0296763868804612

create xi:
Point: corresp_imgpoint
 0.934362597322023 -0.165975610413239  0.315307204918625
 0.907306737750739 -0.291141841618711  0.303365969896061
 0.985978527075775 -0.163556638283101  0.033099399073328
  0.95279997446694 -0.302144867104373 0.0296763868804612
 0.185576372323098 -0.967543717220725  0.171524241150053
0.0370822965635228 -0.983888144689701  0.174897175565051
 0.181583144231221 -0.952601130626204 -0.244087377102508
0.0309828719503803 -0.968978760533896 -0.245194256213111
-0.965037650361578  0.055142658306186 -0.256245235310886
-0.957551418409865 -0.123099733651969 -0.260656357444183
-0.955143396415562 -0.140567975042945 -0.260656357444183
-0.924580312595538 -0.283929763098095 -0.254037664899906
-0.612927316651594  0.739938230794817  0.277148911436636
-0.57013193810847 0.779841272828912 0.258451469992458
-0.640174466461028  0.767466125022001 0.0342403188514962
-0.588080113978148  0.808258060031058 0.0296763868804612

vector_xi.transpose() :
                     0                     -0  7.63245021340339e-310                     -0                      0 -1.18452366959026e-232  3.60587081800852e-314 -2.29274358699217e-233       0.51363669804126
 -1.20411580548461  -4.38047330063361   1.46208216446864  0.386383654551124   1.40563164676777 -0.469161394101997 -0.402606686360099   -1.4646496891943  0.488860002286917
 -0.594447439952512   -4.84138035702476   0.166925178655402  0.0986084607775199   0.803100548440193 -0.0276899753046907 -0.0199556608007085  -0.162525629212428 0.00560369516371535
  -1.21952870491916   -4.59300467211702   0.148511979220187   0.386727905491306    1.45649960480211 -0.0470950182906916 -0.0379840539765513  -0.143056031954417 0.00462562874667061
 -0.348611896158343 -0.0316034706302513  0.0841666790561626    1.81756570437295   0.164771727498972  -0.438821712595722  -0.322214461873056 -0.0292104067436128  0.0777934473796772
-0.0674114248529727  0.0102672350256185  0.0161945805552217    1.78859746768553   -0.27241599783725  -0.429683630548886  -0.317943301796424  0.0484250052789247  0.0763810945127691
 -0.357563722130332 -0.0295855232727371  -0.144449209652792    1.87581070596807   0.155208254814058   0.757793246812014   0.480643682271895  0.0397694004386887   0.194171264397668
-0.0574345918266332 0.00853243507215912 -0.0233537115270625    1.79624728427599  -0.266848998820951   0.730379368497551   0.454529588037824 -0.0675245366070411   0.184818112951707
  -1.47995954472856   -2.33114301813813   0.768358152029637  0.0845655124972258   0.133202495119106 -0.0439043088300938  -0.392971799232363  -0.618985477926506   0.204021175128351
 -1.04614503319256   -2.3552087895436  0.773656541158506 -0.134489044109183 -0.302778074486121 0.0994587991033091 -0.284772544291277 -0.641114547271433    0.2105980859661
-0.959853208503287  -2.36146787899594  0.776902176923661 -0.141261115727882 -0.347536044456926  0.114336304084231 -0.261941653942741 -0.644438958454276  0.212014753268809
 -0.59848730840528  -2.30257111216668  0.725088241448362 -0.183789723161739 -0.707097546300443  0.222667657763235 -0.164440358753363 -0.632654384516066  0.199225228132778
-4.05509096425526 -2.07777518219089 -1.08044988597393   4.8953876785829   2.5083321472742  1.30434091509818  1.83360084627901 0.939512915006193 0.488549786613159
-4.21661485551503  -1.9421019950282 -1.02833842478718  5.76759531638189  2.65645755049459  1.40658800618242  1.91147037195548 0.880391154994069 0.466165039653347
  -4.24578174099896   -2.16800268480205   -0.13899083911122    5.09000878849017    2.59908619714313   0.166627640268027   0.227089532935183   0.115957613256419 0.00743405258712375
  -4.33547714875609   -1.97122337117065 -0.0914458696434881    5.95868533261233    2.70925191993395   0.125683320076769   0.218781921237801  0.0994741804733783 0.00461464848352484

----calc_matrix_M
Matrix_M:
  80.1585711884955   57.6985912346051   4.55955060012942  -93.8782331576747  -47.3028732712017  -12.2468500078292  -15.6999477999174   -3.8304462536665  -5.55324684043488
  57.6985912346051   103.259721888795  -10.2871051134251  -47.3028732712017  -35.2448289596686  -4.56668913238354   -3.8304462536665   9.68149948337929   -6.0723068823293
  4.55955060012942  -10.2871051134251   7.78714265950213  -12.2468500078292  -4.56668913238354  -3.46486313489333  -5.55324684043488   -6.0723068823293  0.311974624669903
 -93.8782331576747  -47.3028732712017  -12.2468500078292   133.279439143158   58.0142469766134   16.9858447161152   22.9241140723451   10.4507313084112   6.23343981615069
 -47.3028732712017  -35.2448289596686  -4.56668913238354   58.0142469766134   34.1127977184345   6.76586533999197   10.4507313084112   3.65773894096075   2.91569780180141
 -12.2468500078292  -4.56668913238354  -3.46486313489333   16.9858447161152   6.76586533999197   6.50582366052431   6.23343981615069   2.91569780180141   1.36079135392318
 -15.6999477999174   -3.8304462536665  -5.55324684043488   22.9241140723451   10.4507313084112   6.23343981615069   9.25288128896261   4.73307770856445   1.49199610685735
  -3.8304462536665   9.68149948337929   -6.0723068823293   10.4507313084112   3.65773894096075   2.91569780180141   4.73307770856445   6.49225612767624 -0.374159861382838
 -5.55324684043488   -6.0723068823293  0.311974624669903   6.23343981615069   2.91569780180141   1.36079135392318   1.49199610685735 -0.374159861382838   2.21329010325328

Essential_Matrix:: Matrix M Eigenvalue :
1.00157345084889
1.09001504181484
 1.4136456173615
2.52402425653792
 4.8901406581124
6.19810113536704
10.2274307486992
78.7296825022788
276.987310367781

Essential_Matrix:: Matrix M EigenVector: 
 -0.061816096466439  0.0438252410563731  0.0770899764591619  -0.283571161956212   0.775042119408217  -0.149180152963993  0.0823211076592404 -0.0359335213321759   0.526203062024174
-0.0079547573352921  0.0136737564167787   0.013185210359208  -0.142236544888585  -0.253946319792278    0.13776093764073  -0.198312168902023   0.824821104783346   0.419785999338704
 -0.716601552763872  -0.161041324770691   0.124355840652215  -0.366017715766128  -0.204723612112485  -0.130795639861983  -0.443480212035382  -0.233276018804636  0.0316687030672138
-0.0111458373021209 -0.0264436178233138  0.0272011556500988 -0.0121415471306292   0.426657452808206  -0.318341513939456  -0.331232583985474    0.43197273096097  -0.646989813544385
-0.0776994505020002   0.169915918305593    0.12113587008129  -0.486004170583203   0.143226261849446   0.746291732436261   0.169896231864916  0.0370872799012312   -0.32636193916415
-0.0756155285804598   0.536648454919489   0.485897259541574  -0.206908568350995  -0.227453175864465   -0.43506166320739   0.413680845424338  0.0913039707163223 -0.0830756898242761
-0.0257914985741844  -0.708650974250987  -0.093151077423699  -0.322074612645712 -0.0868743539108114  -0.199422389133576   0.550255983900571   0.151401620601918  -0.108253751731324
 -0.685521899450074    0.11863597769611  -0.214082496352934   0.494289826471299   0.150834699405593   0.121574856072419   0.378805321416562   0.210159969008306 -0.0252833164722717
 0.0106342910189469   0.371665335284888  -0.820000319185321   -0.37171773947223  -0.091245116075396  -0.198843283782847  0.0351298294004941 -0.0236482813738013 -0.0389810243698638

Essential_Matrix:: min_eigen
1.00157345084889

Essential_Matrix:: min_eigenvector
 -0.061816096466439
-0.0079547573352921
 -0.716601552763872
-0.0111458373021209
-0.0776994505020002
-0.0756155285804598
-0.0257914985741844
 -0.685521899450074
 0.0106342910189469

Essential Matrix:
 -0.061816096466439 -0.0079547573352921  -0.716601552763872
-0.0111458373021209 -0.0776994505020002 -0.0756155285804598
-0.0257914985741844  -0.685521899450074  0.0106342910189469


Translation:: E * E.t Eigenvalue :
2.56824266031211e-06
   0.476028370245417
   0.523969061511922

Translation:: E * E.t Eigenvec :
 0.106106580598829 -0.118009670603106 -0.987327256383501
-0.988155467557382  0.098188278624729  -0.11793147958524
 0.110861018803163  0.988146132707536  -0.10619347873135

Translation:: E * E.t min_eigen
2.56824266031211e-06

Translation:: E * E.t min_eigenvector
 0.106106580598829
-0.988155467557382
 0.110861018803163

Translation:: diff scale
 0.106106580598829
-0.988155467557382
 0.110861018803163

-----check sign translation t
img_vec:
 0.907306737750739
-0.291141841618711
 0.303365969896061
ply_vec:
-1.327132
-4.827996
 1.611453
img_point y<0, exclusion 
print_check: 0
img_vec:
 0.907306737750739
-0.291141841618711
 0.303365969896061
ply_vec:
-1.327132
-4.827996
 1.611453
img_point y<0, exclusion 
img_vec:
 0.985978527075775
-0.163556638283101
 0.033099399073328
ply_vec:
-0.602901
-4.910229
 0.169299
img_point y<0, exclusion 
print_check: 0
img_vec:
 0.985978527075775
-0.163556638283101
 0.033099399073328
ply_vec:
-0.602901
-4.910229
 0.169299
img_point y<0, exclusion 
img_vec:
  0.95279997446694
-0.302144867104373
0.0296763868804612
ply_vec:
-1.279942
-4.820534
 0.155869
img_point y<0, exclusion 
print_check: 0
img_vec:
  0.95279997446694
-0.302144867104373
0.0296763868804612
ply_vec:
-1.279942
-4.820534
 0.155869
img_point y<0, exclusion 
img_vec:
 0.185576372323098
-0.967543717220725
 0.171524241150053
ply_vec:
-1.878536
-0.170299
 0.453542
img_point y<0, exclusion 
print_check: 0
img_vec:
 0.185576372323098
-0.967543717220725
 0.171524241150053
ply_vec:
-1.878536
-0.170299
 0.453542
img_point y<0, exclusion 
img_vec:
0.0370822965635228
-0.983888144689701
 0.174897175565051
ply_vec:
-1.817887
 0.276877
  0.43672
img_point y<0, exclusion 
print_check: 0
img_vec:
0.0370822965635228
-0.983888144689701
 0.174897175565051
ply_vec:
-1.817887
 0.276877
  0.43672
img_point y<0, exclusion 
img_vec:
 0.181583144231221
-0.952601130626204
-0.244087377102508
ply_vec:
-1.969146
-0.162931
-0.795499
img_point y<0, exclusion 
print_check: 0
img_vec:
 0.181583144231221
-0.952601130626204
-0.244087377102508
ply_vec:
-1.969146
-0.162931
-0.795499
img_point y<0, exclusion 
img_vec:
0.0309828719503803
-0.968978760533896
-0.245194256213111
ply_vec:
-1.853753
 0.275392
-0.753762
img_point y<0, exclusion 
print_check: 0
img_vec:
0.0309828719503803
-0.968978760533896
-0.245194256213111
ply_vec:
-1.853753
 0.275392
-0.753762
img_point y<0, exclusion 
img_vec:
-0.965037650361578
 0.055142658306186
-0.256245235310886
ply_vec:
 1.533577
 2.415598
-0.796195
print_check: 1
img_vec:
-0.965037650361578
 0.055142658306186
-0.256245235310886
ply_vec:
 1.533577
 2.415598
-0.796195
check_sign_NUM :1.73929023179334
img_vec:
-0.957551418409865
-0.123099733651969
-0.260656357444183
ply_vec:
 1.092521
 2.459616
-0.807953
img_point y<0, exclusion 
print_check: 0
img_vec:
-0.957551418409865
-0.123099733651969
-0.260656357444183
ply_vec:
 1.092521
 2.459616
-0.807953
img_point y<0, exclusion 
img_vec:
-0.955143396415562
-0.140567975042945
-0.260656357444183
ply_vec:
 1.004931
  2.47237
-0.813388
img_point y<0, exclusion 
print_check: 0
img_vec:
-0.955143396415562
-0.140567975042945
-0.260656357444183
ply_vec:
 1.004931
  2.47237
-0.813388
img_point y<0, exclusion 
img_vec:
-0.924580312595538
-0.283929763098095
-0.254037664899906
ply_vec:
 0.647307
 2.490396
-0.784235
img_point y<0, exclusion 
print_check: 0
img_vec:
-0.924580312595538
-0.283929763098095
-0.254037664899906
ply_vec:
 0.647307
 2.490396
-0.784235
img_point y<0, exclusion 
img_vec:
-0.612927316651594
 0.739938230794817
 0.277148911436636
ply_vec:
6.615941
3.389921
 1.76277
print_check: 1
img_vec:
-0.612927316651594
 0.739938230794817
 0.277148911436636
ply_vec:
6.615941
3.389921
 1.76277
check_sign_NUM :1.95562465298831
img_vec:
-0.57013193810847
0.779841272828912
0.258451469992458
ply_vec:
7.395858
3.406408
1.803685
print_check: 1
img_vec:
-0.57013193810847
0.779841272828912
0.258451469992458
ply_vec:
7.395858
3.406408
1.803685
check_sign_NUM :1.85602832588535
img_vec:
-0.640174466461028
 0.767466125022001
0.0342403188514962
ply_vec:
6.632226
3.386581
0.217114
print_check: 1
img_vec:
-0.640174466461028
 0.767466125022001
0.0342403188514962
ply_vec:
6.632226
3.386581
0.217114
check_sign_NUM :1.46939130917129
img_vec:
-0.588080113978148
 0.808258060031058
0.0296763868804612
ply_vec:
7.372256
3.351964
0.155499
print_check: 1
img_vec:
-0.588080113978148
 0.808258060031058
0.0296763868804612
ply_vec:
7.372256
3.351964
0.155499
check_sign_NUM :1.32645427972786
translation:: check_sign_sam: 
8.34678879956614

translation:: change_sign before
 0.106106580598829
-0.988155467557382
 0.110861018803163
translation:: change_sign after
 0.106106580598829
-0.988155467557382
 0.110861018803163

translation_t_cross: 
                 0 -0.110861018803163 -0.988155467557382
 0.110861018803163                  0 -0.106106580598829
 0.988155467557382  0.106106580598829                  0

Matrix_R calc from matrix_E: 
  -0.14384360201924  -0.989438466346717  0.0179036161595151
   0.98929742993146  -0.143328354678684   0.027341870384243
-0.0244870024530942  0.0216449545751003   0.999465798640606

calc scale: 
vector_t: 
 0.106106580598829
-0.988155467557382
 0.110861018803163
matrix_R:
 -0.061816096466439 -0.0079547573352921  -0.716601552763872
-0.0111458373021209 -0.0776994505020002 -0.0756155285804598
-0.0257914985741844  -0.685521899450074  0.0106342910189469
scale_s
-0.00788009789727858

----RESULT
Essential Matrix:
 -0.061816096466439 -0.0079547573352921  -0.716601552763872
-0.0111458373021209 -0.0776994505020002 -0.0756155285804598
-0.0257914985741844  -0.685521899450074  0.0106342910189469

Rotation Matrix:
  -0.14384360201924  -0.989438466346717  0.0179036161595151
   0.98929742993146  -0.143328354678684   0.027341870384243
-0.0244870024530942  0.0216449545751003   0.999465798640606

scale
-0.00788009789727858

translation Vector: 
-0.000836130242664254
  0.00778676182208326
-0.000873595681160969

plyfile point_rotated:  -0.14384360201924  -0.989438466346717  0.0179036161595151
   0.98929742993146  -0.143328354678684   0.027341870384243
-0.0244870024530942  0.0216449545751003   0.999465798640606
plyfile point_transformed:-0.000836130242664254   0.00778676182208326 -0.000873595681160969
