
default_dir_path: ../../ply_data/2-grid-2/

corresp_img_file_name: 

corresp_ply_file_name: 
grid-t-020-r001d30.dat
grid-t500.dat

img_file_path: 

ply_file_path: 
transform_rotate_simulation::
Point: corresp_plypoint
  5.83012701892219 -0.098076211353316                  5
3.33012701892219 4.23205080756888                5
0.830127018922194  8.56217782649107                 5
  5.83012701892219 -0.098076211353316                  0
3.33012701892219 4.23205080756888                0
0.830127018922194  8.56217782649107                 0
  5.83012701892219 -0.098076211353316                 -5
3.33012701892219 4.23205080756888               -5
0.830127018922194  8.56217782649107                -5

Point: corresp_imgpoint
 5 -5  5
5 0 5
5 5 5
 5 -5  0
5 0 0
5 5 0
 5 -5 -5
 5  0 -5
 5  5 -5

pickup point :
212 1321 52 795 722 76 841 564 1121 1207 563 873 1239 458 339 592 1052 926 742 382 194 771 751 195 200 26 738 915 517 1237 OKOKOKOKOKOKOKOKOKOKOKOKOKOKOKOKOKOKPoint: pickup_img
 5 -5  5
5 0 5
5 5 5
 5 -5  0
5 0 0
5 5 0
 5 -5 -5
 5  0 -5
 5  5 -5

Point: pickup_ply
  5.83012701892219 -0.098076211353316                  5
3.33012701892219 4.23205080756888                5
0.830127018922194  8.56217782649107                 5
  5.83012701892219 -0.098076211353316                  0
3.33012701892219 4.23205080756888                0
0.830127018922194  8.56217782649107                 0
  5.83012701892219 -0.098076211353316                 -5
3.33012701892219 4.23205080756888               -5
0.830127018922194  8.56217782649107                -5

Point: ply_to_img
 0.577350269189626 -0.577350269189626  0.577350269189626
0.707106781186548                 0 0.707106781186547
0.577350269189626 0.577350269189626 0.577350269189626
   0.707106781186548   -0.707106781186547 6.12323399573677e-17
                   1                    0 6.12323399573677e-17
   0.707106781186548    0.707106781186547 6.12323399573677e-17
 0.577350269189626 -0.577350269189626 -0.577350269189626
 0.707106781186548                  0 -0.707106781186547
 0.577350269189626  0.577350269189626 -0.577350269189626

理論値
0.866025403784439                 0               0.5
                0                 1                 0
             -0.5                 0 0.866025403784439

Point: ply_to_img
 0.577350269189626 -0.577350269189626  0.577350269189626
0.707106781186548                 0 0.707106781186547
0.577350269189626 0.577350269189626 0.577350269189626
   0.707106781186548   -0.707106781186547 6.12323399573677e-17
                   1                    0 6.12323399573677e-17
   0.707106781186548    0.707106781186547 6.12323399573677e-17
 0.577350269189626 -0.577350269189626 -0.577350269189626
 0.707106781186548                  0 -0.707106781186547
 0.577350269189626  0.577350269189626 -0.577350269189626

vector_xi.transpose() :
2.35475539729243 2.99251182435796 3.53553390593274                0                0                0 2.35475539729243 2.99251182435796 3.53553390593274
0.47927405783631 4.94337567297407 2.88675134594813 0.47927405783631 4.94337567297406 2.88675134594813 0.47927405783631 4.94337567297406 2.88675134594813
     4.12252235025879   -0.0693503541210148                     0     -4.12252235025879    0.0693503541210148                    -0  3.56992319617278e-16 -6.00543591531689e-18                     0
    3.33012701892219     4.23205080756888                    0                    0                    0                    0 2.03911469723859e-16  2.5913837376591e-16                    0
   0.586988444326057     6.05437400283693                    0    0.586988444326057     6.05437400283693                    0   5.083061983044e-17 5.24282183447137e-16                    0
   3.36602540378444 -0.0566243270259356   -2.88675134594813   -3.36602540378444  0.0566243270259356    2.88675134594813   -3.36602540378444  0.0566243270259356    2.88675134594813
 2.35475539729243  2.99251182435796 -3.53553390593274                 0                 0                -0 -2.35475539729243 -2.99251182435796  3.53553390593274
 0.47927405783631  4.94337567297407 -2.88675134594813  0.47927405783631  4.94337567297406 -2.88675134594813 -0.47927405783631 -4.94337567297406  2.88675134594813

Matrix_M:
    52.3087721504188      36.002347185054    -9.71687836487033    -27.5213548685034     8.76880832178828     9.71687836487032    -11.3301270189222    0.190598923241496     29.1346035225553
     36.002347185054     122.357894516248    0.163460352255527     8.76880832178828     85.5213548685034   -0.163460352255527    0.190598923241497 -0.00320631441113761     49.5373864405591
   -9.71687836487033    0.163460352255527                   51     9.71687836487032   -0.163460352255527     8.33333333333333     29.1346035225553     49.5373864405591    -8.33333333333333
   -27.5213548685034     8.76880832178828     9.71687836487032     30.1292802261076     7.81581370558079    -9.71687836487032     11.3301270189222   -0.190598923241497    -6.94978830179634
    8.76880832178828     85.5213548685034   -0.163460352255527     7.81581370558079     86.5373864405591    0.163460352255527   -0.190598923241497  0.00320631441114472     28.7040531072258
    9.71687836487032   -0.163460352255527     8.33333333333333    -9.71687836487032    0.163460352255527                   26    -6.94978830179634     28.7040531072258     8.33333333333333
   -11.3301270189222    0.190598923241497     29.1346035225553     11.3301270189222   -0.190598923241497    -6.94978830179634     23.8792802261076     18.6411312528863    -9.71687836487032
   0.190598923241496 -0.00320631441113761     49.5373864405591   -0.190598923241497  0.00320631441114472     28.7040531072258     18.6411312528863     67.7873864405591    0.163460352255527
    29.1346035225553     49.5373864405591    -8.33333333333333    -6.94978830179634     28.7040531072258     8.33333333333333    -9.71687836487032    0.163460352255527                   51

Essential_Matrix:: Matrix M Eigenvalue :
               1
1.00000000000003
1.00000000000004
12.9737278180873
24.3720819584901
31.6585607850513
87.6548826325367
128.707664711464
222.633082094371

Essential_Matrix:: Matrix M EigenVector: 
   0.0794364292003209     0.480560686848439     0.307282689136325    -0.151139862649256     0.263776265515682    -0.407992383631997     0.576677070329351    -0.128627762712952     0.245658549030705
  -0.0625071416188057    -0.378144828659349    -0.241795392368595    -0.450518410768425  -0.00546434541613436    -0.228021358252759    -0.116970369380327    0.0671313121347979     0.722118561124612
   0.0851987447989248    -0.395402288331146     0.596346353638513     0.175604357379458    0.0450294394656086    -0.282419201531701   -0.0227210749615207     0.605054053320512   -0.0392100744605345
   0.0812773390508053     0.491697502929936     0.314403851744073    -0.427546418572276    -0.477424902271849   -0.0279621591761636     -0.47397265963838     0.128887146102266   0.00185460876014154
   0.0469254935799988     0.283881685676465     0.181521148438696     0.396271337784821     0.373119578811795     0.435353644631602    -0.311076411579984    0.0839269238766883     0.542830551581149
    -0.65331344311077   -0.0384769398756541     0.229063966869055     -0.28663296422087    -0.078370603534191     0.517207585386528     0.357808380319174     0.186544512264231    0.0245149564658076
   -0.626755414268923     0.309861153514563    -0.322569022510549     0.260273445140396    0.0691760523693644    -0.446702155429894     -0.19403700328525      0.30970911404209   -0.0383723839078993
     0.39252397734619     0.223327763582645    -0.450735597845684     -0.09959811608524   -0.0297575584395669     0.208872425991704     0.290639798315421      0.67367618555298   -0.0119572303850493
 1.37952010213448e-16 -3.55023068106491e-16 -3.97565795644876e-16     0.493665466496929    -0.741214560606579   -0.0282665713962378     0.285793523429837    -0.068147338989148     0.346084361722578

Essential_Matrix:: min_eigen
1

Essential_Matrix:: min_eigenvector
  0.0794364292003209
 -0.0625071416188057
  0.0851987447989248
  0.0812773390508053
  0.0469254935799988
   -0.65331344311077
  -0.626755414268923
    0.39252397734619
1.37952010213448e-16

Essential Matrix:
  0.0794364292003209  -0.0625071416188057   0.0851987447989248
  0.0812773390508053   0.0469254935799988    -0.65331344311077
  -0.626755414268923     0.39252397734619 1.37952010213448e-16


Translation:: E * E.t Eigenvalue :
8.90527810933535e-18
   0.437660284239675
   0.562339715760325

Translation:: E * E.t Eigenvec :
 0.981693617231352  0.153147309979929 -0.113241085005114
 0.128022873013262 -0.970767475408068 -0.203028699141961
 0.141024061325201 -0.184814529016954  0.972602593041777

Translation:: E * E.t min_eigen
8.90527810933535e-18

Translation:: E * E.t min_eigenvector
0.981693617231352
0.128022873013262
0.141024061325201

Translation:: diff scale
0.981693617231352
0.128022873013262
0.141024061325201

translation:: check_sign: 
21.2093697139186

translation:: change_sign
0.981693617231352
0.128022873013262
0.141024061325201

translation_t_cross: 
                 0 -0.141024061325201  0.128022873013262
 0.141024061325201                  0 -0.981693617231352
-0.128022873013262  0.981693617231352                  0

Matrix_R calc from matrix_E: 
  0.638211403234015   -0.76979516721157 -0.0100799464174187
  0.769762577796745   0.637865452914472  0.0243564735116445
-0.0123198460126804 -0.0233037446760239   0.999652518067302

scale_s
2.43171353864393

----RESULT
Essential Matrix:
  0.0794364292003209  -0.0625071416188057   0.0851987447989248
  0.0812773390508053   0.0469254935799988    -0.65331344311077
  -0.626755414268923     0.39252397734619 1.37952010213448e-16

Rotation Matrix:
  0.638211403234015   -0.76979516721157 -0.0100799464174187
  0.769762577796745   0.637865452914472  0.0243564735116445
-0.0123198460126804 -0.0233037446760239   0.999652518067302

scale
2.43171353864393

translation Vector: 
 2.38719765982181
0.311314953562442
0.342930119199042

Rotation_axis
-0.0309422280538837
0.00145419989101764
  0.999520116768912

Rotation_degree: 
50.3672217488214

pickup_ply point_rotated:  0.638211403234015   -0.76979516721157 -0.0100799464174187
  0.769762577796745   0.637865452914472  0.0243564735116445
-0.0123198460126804 -0.0233037446760239   0.999652518067302
pickup_ply point_transformed: 2.38719765982181 0.311314953562442 0.342930119199042
